#Black curve in Fig. 1 of 1705.06655
#Columns: NR energy (keV), Xenon1T efficiency
0.2136730797124713 0.0002159552062465657
0.9522552663304396 0.0007027028646768631
1.5979113016556923 0.002199179701546121
1.9978884743513827 0.021818440608893708
2.450996197827127 0.03776669063885896
2.69497727969868 0.05885672619761073
2.9273402148144445 0.08260480342802357
3.159703149930211 0.10744224199928076
3.4036842318017637 0.12927304326980704
3.5082475526038586 0.14927371748771423
3.62442902016174 0.16953583842742415
3.740610487719623 0.18979795936713406
3.798701221498563 0.20744561308881693
3.9439280559459196 0.2257468836150066
4.060109523503799 0.24666262135922323
4.176290991061682 0.26757835910343997
4.3331359722648255 0.2898013304566702
4.449317439822705 0.31176285508809776
4.565498907380588 0.33320148627591994
4.6816803749384714 0.354640117463742
4.757198328851098 0.3747715150425506
4.914043310054238 0.39699448639578083
5.030224777612121 0.41895601102720836
5.146406245170004 0.44039464221503055
5.262587712727884 0.4628790602900634
5.36715103352998 0.48457913819968834
5.42524176730892 0.5002659415078509
5.570468601756277 0.5188940204362938
5.727313582959416 0.5392215030564546
5.959676518075183 0.5624902612968956
6.064239838877276 0.581641233668944
6.296602773993042 0.6122522873466778
6.5289657091088085 0.6379612149906109
6.761328644224571 0.6617092922210236
6.993691579340338 0.6858931139877742
7.226054514456104 0.7096411912181869
7.44679930281608 0.732692077190459
7.690780384687633 0.7509279860361979
7.934761466559186 0.7674644911902193
8.260069575721259 0.7860272084382116
8.504050657592812 0.8041977556034999
8.968776527824344 0.821191792520676
9.433502398055873 0.8368785958288385
10.014409735845286 0.8514760377961564
10.711498541192581 0.8638947570817851
11.40858734653988 0.8730453923448799
12.105676151887176 0.8789279435854409
12.802764957234471 0.8821960276079748
13.499853762581767 0.8835032612169883
14.196942567929062 0.8850283670941708
14.894031373276357 0.8858998561668464
15.591120178623653 0.8858998561668464
16.288208983970947 0.8878607065803668
16.985297789318246 0.8885143233848736
17.682386594665545 0.8885143233848736
18.379475400012836 0.8885143233848736
19.076564205360135 0.8885143233848736
19.773653010707427 0.8885143233848736
20.470741816054726 0.8885143233848736
21.167830621402018 0.8885143233848736
21.864919426749317 0.8885143233848736
22.56200823209661 0.8885143233848736
23.259097037443908 0.8885143233848736
23.9561858427912 0.8885143233848736
24.6532746481385 0.8867713452395222
25.350363453485798 0.8858998561668464
26.04745225883309 0.8858998561668464
26.74454106418039 0.8839390057533261
27.44162986952768 0.8832853889488194
28.13871867487498 0.8826317721443127
28.83580748022227 0.8806709217307923
29.53289628556957 0.8789279435854409
30.22998509091687 0.875877731831076
30.92707389626416 0.8708666696631907
31.62416270161146 0.8647662461544608
32.32125150695875 0.8564870999640417
33.01834031230605 0.8451577420192576
33.71542911765334 0.8312139168564465
34.3544271892217 0.8160935814455232
34.877243793232175 0.8012564799832195
35.3419696634637 0.7862232934795637
35.74860479991629 0.7721705321826681
36.14362178961309 0.7546536018218866
36.60834765984462 0.736352331295697
36.85232874171618 0.7218420382356466
37.24236652566049 0.7036341415386722
37.561035693819264 0.6874617943185903
37.89796194973712 0.6708599274841185
38.24650635241077 0.652122912421591
38.595050755084415 0.6331680250908946
38.94359515775807 0.6133416486875225
39.292139560431714 0.5928616554796435
39.62906581634957 0.5739939170562147
39.873046898221126 0.5581110287067003
40.10540983333689 0.5434046506052979
40.33777276845266 0.5293518893084023
40.570135703568425 0.513991894402493
40.802498638684185 0.49961232470334405
41.03486157379995 0.48457913819968834
41.26722450891572 0.4695459516960325
41.499587444031484 0.45385914838787
41.73195037914725 0.4381723450797075
41.964313314263016 0.42248554177154496
42.19667624937878 0.40679873846338244
42.42903918449454 0.3911119351552199
42.66140211961031 0.3754251318470574
42.893765054726074 0.35973832853889487
43.12612798984184 0.34405152523073235
43.35849092495761 0.3283647219225698
43.59085386007337 0.3126779186144073
43.834834941944926 0.2968603919453433
44.16014305110699 0.27882056814095646
44.41574227973434 0.26104219105837223
44.7526685356522 0.24404815414119618
45.14270631959651 0.22518664063971505
45.4497573409995 0.20940646350233727
45.902865064475236 0.1925431499460626
46.2339822470152 0.17770604848375882
46.7277534841362 0.15973158635982254
47.134388620588794 0.14469839985616684
47.54102375704138 0.1286847881457509
48.00574962727291 0.11267117643533497
48.528566231283385 0.0960693096008629
49.1094735690728 0.08038250629270038
49.74847164064115 0.06539289424267847
50.44556044598845 0.052538430420711935
51.14264925133575 0.04251630608494139
51.83973805668304 0.03401928762635342
52.53682686203033 0.027047375044947808
53.23391566737764 0.02116482380438689
53.93100447272493 0.016371633904670668
54.594803459287725 0.011764270113334918
55.20739665186564 0.008020741394527686
55.82802479615929 0.004456705221942414
56.47368083148455 0.00199206420552156
57.067904096787764 0.00046695832833898443
57.764992902135056 0.00003121379200132779
58.46208170748235 0.0006848305965081458
59.159170512829654 0.00003121379200132779
59.88530468506641 0.00007210385952305387
60.55334812352424 -0.0001866584761678336
61.25043692887153 0.0009027028646768631
61.947525734218836 -0.0004045307443365509
62.64461453956613 0.0009027028646768631
63.34170334491342 0.0009027028646768631
64.03879215026073 0.0009027028646768631
64.73588095560802 0.0009027028646768631
65.43296976095532 0.0009027028646768631
66.13005856630261 0.0009027028646768631
66.82714737164991 0.0009027028646768631
67.40805470943933 0.0009027028646768631
